              precision    recall  f1-score   support

         0.0       1.00      1.00      1.00         5
         1.0       0.33      0.20      0.25         5
         2.0       0.50      0.40      0.44         5
         3.0       0.75      0.75      0.75         4
         4.0       1.00      1.00      1.00         5
         5.0       0.67      0.67      0.67         6
         6.0       0.67      0.80      0.73         5
         7.0       0.57      0.80      0.67         5

    accuracy                           0.70        40
   macro avg       0.69      0.70      0.69        40
weighted avg       0.68      0.70      0.69        40
